1713010501,2013,Å®,87,93,77,84,93,81,75,72,71,90,82.3,3,95,62,68,85,86,81,95,95,87,75,82.9,5,85,88,64,79,61,75,68,83,88,95,78.6,21,72,70,87,91,81,90,71,75,95,81.3,11,81.28,5
1713010502,2014,Å®,83,93,80,78,85,86,80,71,63,91,81,5,95,63,82,84,83,89,75,95,87,78,83.1,4,85,86,86,76,75,95,89,84,91,85,85.2,2,71,78,77,95,91,83,95,75,95,84.4,3,83.44,3
1713010503,2013,Å®,92,93,75,88,91,72,70,60,61,90,79.2,12,85,0,74,45,60,38,59,65,87,78,59.1,53,75,75,66,84,46,95,65,67,71,75,71.9,40,60,66,84,27,72,57,52,65,75,62.0,51,68.05,48
1713010504,2013,Å®,85,93,73,95,91,79,63,52,56,89,77.6,24,85,45,73,63,71,56,75,75,77,94,71.4,42,85,80,66,73,62,75,68,72,84,75,74,35,72,61,74,71,70,80,66,75,65,70.4,42,73.36,38
1713010505,2014,Å®,85,93,73,91,87,73,84,78,65,90,81.9,4,95,61,73,63,78,49,75,65,85,77,72.1,38,75,78,70,80,66,85,58,68,73,85,73.8,37,64,72,92,92,71,66,61,85,95,77.6,21,76.34,28
1713010506,2014,Å®,92,93,82,79,87,97,86,79,64,88,84.7,2,95,83,84,98,89,96,85,95,77,76,87.8,1,95,82,84,76,82,95,91,81,98,85,86.9,1,73,87,79,98,94,87,97,85,85,87.2,1,86.66,1
1713010507,2014,Å®,86,93,77,71,86,70,69,49,61,90,75.2,36,85,60,74,74,69,78,75,85,85,60,74.5,30,75,84,68,67,60,85,70,81,89,85,76.4,29,68,83,86,91,92,82,77,75,85,82.1,7,77.05,25
1713010508,2014,Å®,87,93,61,83,89,79,67,56,64,89,76.8,30,85,48,66,88,85,85,75,85,77,76,77.0,21,85,77,71,82,69,85,87,76,88,85,80.5,14,68,66,86,84,85,75,84,75,85,78.7,19,78.24,16
1713010509,2013,Å®,87,93,76,94,93,78,65,68,62,90,80.6,6,85,70,71,82,74,93,85,95,87,93,83.5,3,85,88,84,90,76,65,84,86,96,85,83.9,4,77,75,97,89,86,70,75,75,85,81.0,14,82.25,4
1713010510,2014,Å®,87,93,78,92,94,90,85,73,68,91,85.1,1,95,86,81,85,93,79,75,85,87,78,84.4,2,85,80,74,94,74,85,82,86,96,85,84.1,3,74,61,100,94,87,83,79,75,85,82.0,8,83.90,2
1713010511,2013,Å®,87,93,78,85,87,67,60,60,61,90,76.8,31,85,45,66,66,80,68,75,75,77,90,72.7,34,85,77,72,87,49,75,67,71,72,85,74,35,0,0,0,0,0,0,0,0,0,0.0,53,55.88,53
1713010512,533,ÄÐ,84,77,63,67,83,79,62,82,82,90,76.9,29,85,69,66,62,65,87,75,95,77,60,74.1,32,85,74,51,83,60,85,82,79,83,95,77.7,25,61,63,68,95,88,90,86,85,95,81.2,13,77.48,22
1713010513,534,ÄÐ,84,77,64,88,88,77,52,76,85,88,77.9,18,95,61,63,71,66,66,85,75,95,86,76.3,25,85,85,75,71,76,95,82,82,85,85,82.1,8,79,78,68,68,75,84,78,85,75,76.7,24,78.24,17
1713010514,535,ÄÐ,85,93,66,78,89,71,76,66,63,89,77.6,23,85,47,69,61,86,63,85,75,87,65,72.3,37,85,78,76,88,74,85,86,76,93,65,80.6,13,65,75,84,84,82,78,72,75,75,76.7,24,76.79,27
1713010515,536,ÄÐ,75,85,73,79,90,82,73,60,71,90,77.8,21,85,50,71,71,80,79,85,85,93,71,77.0,20,85,81,67,87,85,95,82,66,90,85,82.3,6,63,70,66,87,78,63,76,75,75,72.6,37,77.41,23
1713010516,533,ÄÐ,81,85,75,74,89,85,78,77,68,90,80.2,8,95,65,66,83,83,70,85,85,87,64,78.3,14,85,81,67,87,85,95,82,66,90,85,82.3,6,62,62,74,95,92,72,92,85,85,79.9,16,80.17,10
1713010517,533,ÄÐ,68,77,77,75,80,68,53,69,63,91,72.1,46,85,53,64,61,60,65,75,65,69,74,67.1,46,85,74,63,77,50,65,60,60,70,59,66.3,49,63,60,70,60,71,60,43,75,65,63.0,50,67.13,51
1713010518,533,ÄÐ,92,85,61,72,87,65,66,61,62,90,74.1,41,85,45,76,74,71,60,75,75,95,63,71.9,40,85,82,81,79,84,75,77,77,91,65,79.6,16,66,64,84,82,82,74,67,75,75,74.3,34,74.98,32
1713010519,534,ÄÐ,74,84,67,74,84,63,60,60,65,87,71.8,49,85,33,64,43,56,54,65,75,95,75,64.5,50,85,72,56,66,43,75,61,72,50,59,63.9,52,55,44,82,60,71,0,46,65,85,56.4,52,64.16,52
1713010520,533,ÄÐ,85,84,75,70,78,78,63,74,68,89,76.4,33,85,52,65,63,84,71,75,75,77,73,72.0,39,85,70,69,85,82,95,82,87,87,59,80.1,15,77,72,93,93,85,89,88,95,85,86.3,2,78.71,13
1713010521,533,ÄÐ,81,93,76,86,85,70,60,70,70,91,78.2,15,95,62,72,69,79,61,85,75,77,87,76.2,26,85,84,68,86,86,85,62,88,85,65,79.4,17,67,73,80,95,84,91,93,75,75,81.4,10,78.81,11
1713010522,534,ÄÐ,89,85,73,60,81,74,63,77,80,90,77.2,27,85,70,65,76,80,91,95,95,85,72,81.4,6,85,81,83,88,73,85,89,86,72,95,83.7,5,74,66,89,77,77,80,85,95,95,82.0,8,81.08,8
1713010523,535,ÄÐ,83,92,63,73,85,89,65,67,66,88,77.1,28,85,62,63,87,84,90,95,95,85,65,81.1,9,95,74,76,93,69,95,85,77,87,65,81.6,11,76,68,93,91,89,84,93,95,65,83.8,5,80.89,9
1713010524,534,ÄÐ,73,77,65,71,90,74,64,54,60,89,71.7,50,85,72,63,75,64,46,85,65,87,82,72.4,36,85,77,77,71,82,75,58,82,86,85,77.8,24,79,69,93,69,85,0,70,75,85,69.4,47,72.84,41
1713010525,534,ÄÐ,66,93,73,60,82,73,72,69,67,90,74.5,40,85,63,53,68,66,0,85,75,95,75,66.5,48,85,78,77,70,74,85,64,75,92,85,78.5,23,72,70,84,73,69,82,62,75,85,74.7,33,73.54,36
1713010526,535,ÄÐ,77,77,52,86,84,39,43,30,59,90,70,53,85,20,49,63,46,40,75,65,85,85,61.3,52,75,77,49,67,60,65,55,60,76,59,64.3,51,79,60,63,83,83,80,80,75,85,76.4,26,68.01,49
1713010527,535,ÄÐ,72,93,67,72,84,95,65,69,71,91,77.9,19,85,60,64,90,91,92,95,95,77,62,81.1,8,85,77,64,78,70,95,94,84,87,85,81.9,9,79,65,81,97,91,87,95,95,65,83.9,4,81.20,6
1713010528,536,ÄÐ,78,85,68,87,88,71,60,72,52,88,74.9,39,85,49,53,69,70,88,85,95,85,75,75.4,28,85,81,65,84,56,85,78,71,83,75,76.3,30,66,64,66,72,78,64,66,65,95,70.7,41,74.32,34
1713010529,534,ÄÐ,82,77,74,84,95,76,60,75,80,90,79.3,11,85,63,67,60,84,66,85,75,95,95,77.5,19,75,79,66,94,54,75,70,81,84,85,76.3,30,76,81,94,80,75,66,68,75,95,78.9,18,78.00,19
1713010530,535,ÄÐ,78,84,63,87,87,70,60,53,65,89,73.6,43,85,52,48,62,74,61,85,65,87,77,69.6,45,85,81,63,72,66,75,63,71,74,65,71.5,43,70,61,72,90,72,82,67,75,75,73.8,35,72.12,43
1713010531,536,ÄÐ,85,84,62,81,87,82,61,72,73,90,77.7,22,85,75,64,63,81,87,85,85,77,77,77.9,16,85,77,61,91,60,65,77,72,73,95,75.6,32,71,69,83,84,72,73,92,85,95,80.4,15,77.91,20
1713010532,537,ÄÐ,78,77,56,60,95,69,61,56,60,90,70.2,51,85,43,64,68,76,66,75,75,77,72,70.1,44,85,69,45,79,60,75,51,51,75,85,67.5,48,68,61,67,62,66,63,85,75,85,70.2,43,69.51,46
1713010533,535,ÄÐ,91,77,69,98,92,78,62,72,74,90,80.3,7,85,60,66,66,80,54,75,75,95,88,74.4,31,85,71,61,96,53,95,64,68,76,75,74.4,34,62,75,92,68,70,82,61,75,65,72.2,38,75.33,31
1713010534,536,ÄÐ,73,77,67,75,88,70,76,67,68,89,75,37,85,60,68,79,75,76,85,85,85	67,76.5,24,85,71,74,77,47,65,74,71,80,75,71.9,40,67,78,62,81,69,76,65,65,65,69.8,46,73.29,39
1713010535,537,ÄÐ,73,85,75,67,93,80,81,70,65,90,77.9,20,85,68,70,84,88,75,85,85,85,81,80.6,10,95,78,65,85,69,85,76,78,89,95,81.5,12,64,69,78,92,87,79,68,75,65,75.2,29,78.81,12
1713010536,539,ÄÐ,75,84,75,76,84,79,77,60,68,88,76.6,32,85,62,72,74,75,84,85,95,87,63,78.2,15,85,83,70,80,66,75,79,73,84,95,79,19,66,70,77,76,82,71,64,75,95,75.1,30,77.23,24
1713010537,539,ÄÐ,73,85,74,73,80,74,63,61,64,91,73.8,42,85,48,68,74,72,74,85,85,87,78,75.6,27,85,69,63,80,60,65,68,74,80,65,70.9,45,72,60,93,87,83,78,75,75,75,77.6,21,74.46,33
1713010538,541,ÄÐ,69,77,53,83,91,71,64,60,63,90,72.1,47,85,65,52,63,69,72,75,75,87,76,71.9,41,85,73,66,89,62,65,73,68,74,59,71.4,44,63,65,71,79,60,75,66,75,75,69.9,45,71.32,45
1713010539,541,ÄÐ,87,85,70,79,92,72,74,70,78,89,79.6,9,85,63,64,76,80,88,95,95,93,64,80.3,11,85,73,71,80,79,75,68,77,93,85,78.6,21,62,63,65,93,82,69,72,95,75,75.1,30,78.40,15
1713010540,541,ÄÐ,82,84,65,81,81,74,63,63,67,90,75,38,85,70,69,68,46,70,65,85,87,79,72.4,35,85,77,65,93,64,65,55,60,71,65,70,47,61,70,95,89,67,65,78,85,75,76.1,27,73.38,37
1713010541,536,ÄÐ,82,84,65,77,83,95,69,76,64,91,78.6,14,95,62,64,84,72,76,85,85,87,66,77.6,17,85,81,53,72,74,75,86,63,81,65,73.5,38,70,60,64,84,71,69,72,75,85,72.2,38,75.48,30
1713010542,537,ÄÐ,78,93,60,78,94,77,64,61,65,90,76,34,85,52,54,87,83,70,85,75,77,8,74.8,29,85,71,51,87,57,65,71,70,84,75,71.6,42,67,52,76,89,67,81,73,75,75,72.8,36,73.79,35
1713010543,536,ÄÐ,82,84,83,79,80,76,67,75,66,88,78,17,85,60,77,74,83,84,85,85,77,79,78.9,13,85,87,78,87,63,75,77,79,92,65,78.8,20,85,75,86,90,72,83,71,75,75,79.1,17,78.70,14
1713010544,537,ÄÐ,87,85,75,82,84,84,72,73,62,90,79.4,10,95,81,60,78,82,78,75,75,87,92,80.3,12,75,75,68,91,81,85,78,69,89,65,77.6,26,73,66,90,84,78,81,73,65,65,75.0,32,78.08,18
1713010545,539,ÄÐ,73,84,72,77,80,91,72,69,64,91,77.3,26,85,76,73,88,83,60,75,75,93,60,76.8,22,75,86,79,64,67,95,84,78,89,75,79.2,18,66,69,66,90,76,79,78,85,95,78.2,20,77.88,21
1713010546,541,ÄÐ,85,85,63,78,80,64,64,55,60,87,72.1,48,85,60,62,68,69,53,75,75,87,67,70.1,43,75,75,66,69,48,75,56,53,57,59,63.3,53,64,61,81,80,63,53,54,75,75,67.3,49,68.21,47
1713010547,539,ÄÐ,87,85,63,85,87,67,66,65,63,91,75.9,35,85,60,65,62,65,75,85,85,77,69,72.8,33,75,74,70,74,60,75,72,67,65,75,70.7,46,63,60,79,60,68,71,60,75,95,70.1,44,72.38,42
1713010548,541,ÄÐ,85,93,53,82,90,76,77,67,61,90,77.4,25,85,79,64,66,77,83,85,85,77,75,77.6,18,75,77,67,78,72,95,75,67,84,85,77.5,27,63,61,62,76,70,70,75,85,75,70.8,40,75.82,29
1713010549,537,ÄÐ,79,84,43,92,90,64,53,63,67,89,72.4,45,85,44,42,61,70,39,85,65,85,77,65.3,49,85,74,49,77,47,75,48,60,56,75,64.6,50,68,60,87,63,71,52,69,65,85,68.9,48,67.80,50
1713010550,537,ÄÐ,83,85,69,86,87,64,54,51,62,90,73.1,44,85,53,55,66,76,40,65,65,77,88,67.0,47,85,83,55,85,60,75,76,71,91,75,75.6,32,72,61,85,86,78,77,74,75,85,77.0,23,73.18,40
1713010551,539,ÄÐ,71,84,60,81,87,62,43,62,63,88,70.1,52,85,30,54,68,51,41,85,65,85,73,63.7,51,85,68,78,86,60,95,53,60,74,65,72.4,39,75,67,74,95,85,87,79,75,95,81.3,11,71.88,44
1713010552,539,ÄÐ,85,84,67,80,87,77,77,77,65,90,78.9,13,85,65,62,68,93,85,85,95,95,78,81.1,7,85,82,65,78,79,75,91,82,97,85,81.9,9,66,63,77,94,87,86,90,95,85,82.6,6,81.11,7
1713010553,541,ÄÐ,86,84,66,81,84,81,78,64,67,91,78.2,16,85,69,66,63,69,78,75,95,87,80,76.7	23,85,76,65,83,60,85,80,74,80,85,77.3,28,60,68,84,83,71,76,80,85,75,75.8,28,76.99,26
